2.647411904121700355e-01
1.495092923586668343e-01
5.888099980442584869e-02
1.145345128028764092e-01
6.109590465450687180e-02
6.180372717609727840e-02
5.920543293967406306e-03
3.862192543762854591e-03
2.720422817534151605e-03
3.613419904548820227e-02
8.211427809916571618e-03
1.141432725662250292e-02
3.758530527455672399e-03
1.945654418045927869e-02
2.021917498389824708e-02
3.069493249675980806e-02
1.915403992981645764e-02
4.828051760033091888e-02
5.721996286504138496e-02
6.697813481838221783e-02
7.156446856750586782e-02
2.515597817349135568e-02
8.572956269096509985e-02
1.173324066653553821e-01
6.437483944250788070e-02
1.264392420754496538e-01
4.882504674409515744e-02
1.093347658765166930e-01
1.532833213258235627e-01
3.100271353188932544e-02
6.946448419356010540e-02
9.055339416251473317e-02
4.634209859636406748e-02
4.604254624938763918e-02
1.020847508228066580e-01
1.026917321582216935e-01
2.805945918181040888e-02
3.260555610760351719e-02
1.383479323802576655e-01
2.467542671430567047e-02
2.659399521145822121e-02
9.391346750774065555e-02
1.165449466019790048e-01
1.149985805324182930e-01
1.126646661786980808e-01
9.344855103225480075e-02
2.122299867674926066e-02
4.201325267638200689e-02
1.047398527423345493e-01
1.064642574543613884e-01
4.738915749761574148e-02
4.439079952599123136e-02
1.021261918393134849e-01
1.078339119996180040e-01
1.061358836076082834e-01
8.810227349333377145e-02
5.278084249382275495e-02
6.382583572299926900e-03
1.022946361597876219e-01
6.897356062145665323e-02
3.470247882001253892e-02
6.467303725104311951e-02
2.058430882149497876e-02
2.763118452743618114e-02
8.369500785556160949e-02
2.332581182529358532e-02
6.262000421404456674e-02
1.835792369727928808e-02
3.714830935577934090e-02
6.408698637024268230e-02
1.918156598780651478e-02
6.083147493233409531e-02
7.006106906114906163e-02
6.026781395642710759e-02
5.955673518812831801e-02
5.551884936129114489e-02
5.000202722223823226e-02
5.921900202107499567e-02
7.339717675689727550e-02
6.182083109136971011e-02
6.988003326127345538e-02
5.810033692197913435e-02
5.438490108821036895e-02
7.216980486980884013e-02
9.239793490056980030e-02
1.819493624717405389e-02
8.262477345222785097e-03
6.609622528198122460e-02
3.028369098902372603e-02
5.274442992429284605e-02
5.093876777996775296e-02
6.299156201274058731e-02
2.016447075695271263e-02
1.489959756297298821e-02
4.899886309544188023e-02
1.438502945092146046e-02
1.924725750846145722e-02
1.591570921881813039e-02
5.449684683925537509e-02
4.864241422429538275e-02
3.363322700412718635e-02
5.062189903580094352e-02
1.646203009715241361e-02
2.631545576400051711e-02
4.946709769746249208e-02
1.211548925815653099e-02
2.131624991842939743e-02
5.032137026509608813e-02
2.254190218975227200e-02
4.903950312618987617e-02
1.540049259794196157e-02
5.493269106335785246e-02
3.689374083692220641e-02
3.528111272300582524e-02
1.450881598989783861e-02
5.388302722093718522e-02
2.101289549395124467e-02
1.112755627421457838e-02
4.688446080589325771e-02
3.705891311772935293e-02
1.247066736405255671e-02
6.348793830748822309e-03
1.070985770753929422e-02
6.924751230460324258e-03
1.723181148931995921e-02
2.412736037895990560e-02
7.309858756917719802e-02
3.919219403270790547e-02
4.375801908209342450e-02
4.320417555553568434e-02
7.159800801120408398e-02
5.235487405362249103e-02
3.975601921307592157e-02
4.227710200634149373e-02
6.705403887570571264e-02
6.041401789187439419e-03
3.127018129120551215e-02
8.914930167312262732e-03
1.535654355549720407e-02
1.028071674206310071e-02
1.296339657557132874e-02
1.057806630313784524e-02
1.492098549836362587e-02
3.788614126927725145e-02
3.251845727097490979e-02
1.474886661313212777e-02
1.969278971485621810e-02
2.795185157537827259e-02
1.656063576885857813e-02
3.002672001589368200e-02
2.740968721300052202e-02
3.034892344677708742e-02
1.259675808744020742e-02
2.399008836173877057e-02
2.003282385060201065e-02
1.907079046542126122e-02
3.106756920705633362e-02
1.715602632196766564e-02
2.850284504423683529e-02
1.953919849024976507e-02
3.399004935379768000e-02
2.073094372599482149e-02
4.046501742918318101e-03
5.518780506222897841e-03
2.942311431938016142e-02
1.178574264392939774e-02
8.849037311827068208e-03
2.304026093748690052e-02
1.462453529577500966e-02
1.419059484824902739e-02
3.383731260828226617e-02
2.653439801437107448e-02
1.146365069648558332e-02
1.004968047987064850e-02
2.152941431098143177e-02
3.587331724968056967e-02
7.582113613206820091e-03
1.588961371853336857e-02
1.908511219003816706e-02
1.329005400227356581e-02
2.034180335889934632e-02
1.688565327107793834e-02
1.557631258549596609e-02
1.474217299977498286e-02
1.396404673220996706e-02
4.215265469468931769e-03
1.035483551731197771e-02
1.266350845534280900e-02
1.956816532747485127e-02
1.165111365872828486e-02
8.998243131179251009e-03
7.202695642448908586e-03
2.190245972416726694e-02
1.587500382489914763e-02
1.181180107375290333e-02
