1.924087612730567276e-01
2.030711153272846126e-01
1.502571770933216477e-01
3.895737780071553136e-01
2.219428131202367815e-01
5.257995429082074068e-02
5.132780832970929019e-02
5.830703036757389768e-02
6.832588860626076510e-02
8.272997733956466426e-02
1.076230241448494773e-01
1.315874558104626058e-01
1.367764005872826871e-01
2.636886826725517441e-01
2.541591261637983212e-01
1.149533444783708003e-01
8.902804145360376786e-02
1.570650250767289258e-01
6.374785990659481705e-02
6.049027275353990873e-02
3.854800706270711252e-02
4.037372250650417271e-02
1.078841691995957586e-01
1.324135824176935206e-01
6.524575554218658979e-02
5.857552763276685504e-02
5.354190122604696178e-02
4.151230453248566654e-02
7.959645609068899397e-02
1.189153504415063622e-02
6.264259058441701278e-02
1.255282525044436603e-01
7.502934054749332837e-02
6.965264868758724859e-02
1.116023122883398333e-01
3.925659449269880419e-02
2.468855238795897300e-02
2.713236255330686575e-02
8.095249217823941024e-02
2.773976601156236121e-02
2.990156430160051393e-02
9.410696697747700235e-02
6.038440311184301024e-02
7.481938729071990757e-02
8.401801306570000349e-02
8.152405624572856002e-02
6.421821057653043230e-02
1.175068719790773875e-01
1.166601600971339803e-01
6.779754324189823933e-02
6.054519341894593065e-02
5.993599674934901866e-02
1.140400205165543746e-01
7.149319480995075526e-02
1.216163617115469942e-01
1.034101133638292147e-01
6.470381448026829574e-02
6.321341275604386301e-02
8.944298986510801353e-02
9.233917977421990386e-02
9.083374688172407563e-02
5.265557315058455590e-03
6.160487217855115105e-03
2.090314527627756824e-02
3.087742739871779385e-02
3.154955741653497903e-02
7.546151142739698781e-02
2.952285788166919556e-02
3.089954498374763991e-02
7.827503918446510056e-02
2.982025570958368732e-02
1.839347644676914140e-02
7.912705257370444833e-02
5.994986574349403519e-02
1.384328165262949106e-02
5.515563944855272904e-02
5.375314328504965378e-02
2.186994508135797766e-02
7.596192378488275665e-02
3.269535457025918301e-02
3.211229527948511464e-02
6.328143716093304061e-02
1.979773860963640608e-02
7.468818214525152488e-02
5.667547874543399367e-02
3.876143665407860706e-02
2.146604959002612611e-02
7.432770662982435272e-02
5.355581135289810835e-02
6.406656475587813038e-02
5.369272105763533975e-02
5.384643050603343806e-02
2.302092188076865220e-02
2.292478878890391591e-02
5.729645424846441237e-02
1.807887995269497061e-02
1.807025434103115558e-02
1.679248021798929180e-02
6.416053883861272400e-02
2.830997613497343579e-02
2.826631062186479859e-02
2.285088465305551431e-02
4.919597526450292246e-02
2.593804599362725671e-02
2.793653343921065346e-02
1.692333181866834124e-02
1.854616805310160821e-02
4.605581068731978700e-02
1.632092514180016884e-02
1.613688396260704039e-02
1.552847204237517431e-02
5.860855970775669110e-02
3.393789125262991480e-02
5.964057747366302564e-03
8.526178407410101023e-03
2.987094090204134300e-02
2.311659696246037843e-02
1.206407197786352192e-02
4.692493023784050088e-02
9.341093054602622736e-03
9.606249102342312440e-03
2.535647624901626873e-02
2.712517895208410579e-02
7.926818403436342031e-03
5.031551722428861950e-03
4.880623890835544820e-03
6.657468663751764382e-02
6.768221115254058340e-02
4.143645507619597712e-02
7.098378780514202901e-02
4.319632131876338654e-02
6.272552184813606768e-02
2.770516739729456113e-02
3.413382746860926797e-02
6.172299056649566129e-02
1.046840038206353629e-02
2.167127469866103606e-02
5.020877474583906874e-03
1.501615230839914439e-02
1.040278003435157750e-02
1.563138096686356171e-02
1.904132602177521782e-02
2.350534716761387699e-02
4.167160331802488571e-02
2.246987258730448467e-02
2.132551228662693532e-02
2.302106216248600568e-02
1.673030167836997428e-02
1.773206011719929975e-02
1.645496319625894266e-02
2.781082733899764570e-02
1.455462273894614356e-02
1.496769250372875781e-02
1.367351054102661223e-02
1.291282567474238974e-02
1.298418655187982829e-02
3.069211952044992309e-02
1.640245557532771237e-02
1.301738314799583129e-02
1.960107432040647524e-02
3.325613154000994776e-02
6.528603297909052472e-03
6.854829800013728658e-03
6.458123856785347172e-03
3.120052047518839800e-02
1.291523188650378628e-02
9.373703511875053351e-03
2.342233602857746178e-02
1.495850542734200594e-02
1.407079269993394277e-02
1.952018005539168932e-02
2.952938168532170948e-02
1.392917196373932853e-02
1.954789125273315165e-02
2.315010309372733666e-02
1.312155883999510664e-02
1.312155883999510664e-02
2.073984473558687647e-02
2.444510172640290691e-02
1.004068119070677945e-02
1.324385355039447987e-02
9.687657884577705047e-03
5.458530695999552762e-03
1.511472337092500950e-02
9.128583598653428055e-03
4.500595235773952041e-03
8.166409824513776172e-03
9.630387318880107017e-03
9.956250972345870309e-03
1.370559739616927786e-02
1.240552625546009757e-02
7.328916673997154518e-03
1.217403479620293716e-02
1.621796817409126845e-02
1.431214437837002862e-02
