2.170334029867286851e-01
6.297732896813235115e-02
4.152311507879991037e-02
3.797437403146242119e-02
6.239742921376412177e-03
3.001175825209756454e-03
1.596406465048394452e-02
4.710622341641101940e-03
5.841242268192037290e-02
1.079761891691463083e-01
6.891562513274851476e-02
6.891562513274851476e-02
1.201774091979502801e-01
9.499170090946784661e-02
2.975704160633751982e-02
3.305716426761751148e-02
2.962877439932076751e-02
2.109220057345817523e-02
2.227727299751047774e-02
2.065942549306387654e-02
1.669554918907212304e-02
1.929365648694036928e-02
1.633797548305271352e-02
1.478343812429505633e-02
5.137280160222390535e-02
3.802810610956774973e-03
6.813099704490177544e-04
6.400696466168587229e-02
5.808423602061418833e-02
1.956886283583458841e-02
1.531909897879701887e-02
7.087916090408485914e-03
6.292097384549943939e-03
4.267816289965509213e-02
1.183313611289471545e-02
1.257437325595156530e-02
4.298912870887416915e-02
4.254144830980055580e-02
7.106498479750189556e-02
2.579066094307425061e-02
2.056825528636618827e-02
1.428318930301764045e-02
9.677306874011248894e-03
4.349805580177912301e-02
1.522127644449733364e-02
3.450155134281984726e-02
6.948767997221894088e-02
6.410076077165871578e-02
6.664628610308065415e-02
7.596663988037455351e-02
4.637456282663032781e-02
4.750662979486219850e-02
6.750662979486221627e-02
6.490612546702356767e-02
5.996917776711574444e-02
3.479268639774724114e-02
8.390758774679996090e-02
4.586181235432540415e-02
4.141754482892201494e-02
3.279575484732011326e-02
4.138359829570670279e-02
2.600792847660082785e-02
2.938325489587967354e-02
3.403312255293267086e-02
3.403312255293267086e-02
3.814337156796365758e-02
3.401834570945855285e-02
1.939140143830264673e-02
2.495170472012053775e-02
2.409270815152997347e-02
1.665752412659726733e-02
1.846841870013626874e-02
1.916063303996934364e-02
1.588721217504929228e-02
2.620366717247535338e-02
1.808070725000499035e-02
1.660963112847546608e-02
1.353687525237773359e-02
7.460217990844397740e-03
3.640907793469372322e-03
9.705814599169970691e-03
1.509078007762526541e-02
1.884878291525748928e-02
1.514381600859365795e-02
3.612349035614509374e-02
1.421441981161020163e-02
6.941880900868446780e-03
7.477481504119865008e-03
2.420792326097587210e-02
9.671408486299437612e-03
1.198642049290660205e-02
2.074401833781380766e-02
2.078402823880648453e-02
2.064458676939801007e-02
5.580005439158097769e-03
5.676462543518889792e-03
1.276710162272975957e-02
2.050701816776934194e-02
2.295516104740263907e-02
1.194094714403659552e-02
4.798929631463538792e-02
1.661259341668103184e-02
2.189894116040569383e-02
2.061617354105704791e-02
1.859654460560467015e-03
7.427785937457298537e-03
1.868384300587266900e-02
8.395858754456475559e-03
2.045105875031150156e-02
1.125830290863694128e-02
8.895697364059484968e-03
9.226093262712786736e-03
6.632831245305115253e-04
2.784376109080222150e-03
3.953788296931048940e-03
3.290846986717460565e-02
2.123875115758133703e-02
8.140445300998888634e-03
1.075767147707151761e-02
4.190992642520152689e-03
4.896777732508528214e-02
3.181073008893264831e-02
5.393837420906610891e-02
1.389527672100943079e-02
3.830321752593490725e-02
3.640354148267677115e-02
3.008890850499990055e-02
5.471920963121201797e-02
5.117980892080908895e-02
5.352089868744125400e-02
7.102014483416629886e-04
6.314987419772200017e-02
4.188661598595311286e-02
4.416562753856889678e-02
4.384320524627116633e-03
2.056054341221758008e-02
2.793233497703218049e-04
1.720963501807726281e-03
2.676615377551372355e-03
1.143501945814251464e-02
1.233007487284965009e-02
1.091351042864951992e-02
8.652716338615196179e-04
2.640333743821887680e-04
1.269271684393402655e-02
9.814014947790550281e-03
2.423806041157949842e-02
9.016457565488966708e-03
9.134806933100980686e-03
7.829992093666193753e-03
8.785183573422505887e-03
5.463363043225477611e-03
1.226154732380657641e-02
1.226154732380657641e-02
1.267923999089126674e-02
6.797076968356741133e-04
6.711604461878906136e-03
1.726140043595014717e-02
3.560640088359656730e-03
1.789185352479005786e-02
2.163359004637932514e-03
2.352099233625448704e-03
1.902639857885746189e-02
5.474271504975813940e-03
2.684777051021436378e-03
1.336092063949889663e-02
1.145453361613490983e-02
1.081070535452699488e-03
9.928722570016201843e-04
1.335406965488039610e-02
2.083058083313105158e-04
1.792932511235911797e-03
1.335291114699632686e-02
3.857645048825464329e-03
6.361914446801564260e-03
1.318505298733096964e-02
4.047883068653446159e-03
7.596846694895020846e-03
8.234929290303449889e-03
2.876216445038437541e-03
8.102863188372833037e-04
5.085753650111435320e-04
2.718093482045658149e-03
3.027150781800491686e-03
4.361720980892158650e-04
1.295415502297769805e-02
6.283330938132714039e-04
6.022068696406313038e-04
6.760841675158557607e-04
3.049438466540266290e-04
1.178608850755225035e-02
7.252703805061599951e-03
1.616054137854594508e-03
5.417186952825225887e-04
2.155782208540735212e-03
