2.631448736995802840e-01
7.043142081731201820e-02
1.141846331234035450e-01
9.908166142811958288e-02
7.811939092046138455e-03
1.298976043905413214e-01
7.905558833469839009e-02
7.259495832367024448e-02
6.286226797846627967e-02
1.046905253726129192e-01
1.503051446091729915e-02
5.462532259910513055e-02
5.417538885346240285e-02
4.081335410555020360e-02
3.111711244645487540e-04
5.927831199572675125e-02
4.902494923956579598e-02
5.177106002780140770e-02
6.813045453278432362e-02
6.439699427974510115e-02
5.228994504315132019e-02
4.004401066804108567e-02
3.757614633314743102e-02
3.538292454335811854e-02
3.337772480173639700e-02
3.272053138345265566e-02
3.680927147817047995e-02
3.762816981715677578e-02
3.869769563917935251e-02
4.355013238862914804e-02
4.258607375125489369e-02
4.202722307772410737e-02
4.170758190407419796e-02
4.150125620372668855e-02
4.246350273980570300e-02
3.950718411236131544e-02
4.460112494152812523e-02
4.497540811211342415e-02
4.112135073554434861e-02
4.448097557142394187e-02
4.358559965743658005e-02
4.279634034646839780e-02
9.170677383162795238e-03
4.401909182435703727e-02
9.101958885795058407e-02
1.345622709650109439e-01
1.276895832647251261e-01
1.464746177058586785e-01
1.352392048267827551e-01
1.425200695698494169e-01
1.099301070463545305e-01
9.099717369738846706e-02
1.192814449448503789e-01
9.844496299336435996e-02
1.066410069429492014e-01
7.294608012336289971e-02
6.507268342981997744e-02
4.974820859326678502e-02
8.371564365506378724e-02
7.771686676920530612e-02
3.824896884544826126e-02
6.654671026477543272e-03
3.963439280435576695e-02
5.557060297978688723e-02
5.965592853545786944e-02
8.086210413408856379e-02
8.789972502847753777e-02
9.318990468930665738e-02
8.822059833171458365e-02
8.412633593401463994e-02
7.852039087643880588e-02
6.884663360422726974e-02
6.204744776393189554e-02
5.192531530641153470e-02
4.376119776590436938e-02
4.291566022308768158e-02
4.097771336935052133e-02
3.481973692090822858e-02
3.727967114323249564e-02
3.338307572344645369e-02
3.190492130838185059e-02
3.527700276266643176e-02
3.184735485035894431e-02
3.520185786937646277e-02
3.235202179900431574e-02
3.611489347774088365e-02
3.396702055498590500e-02
3.562678334477731301e-02
3.536747592063882450e-02
3.492287081639511293e-02
3.431832477745155874e-02
3.284781673934900059e-02
3.253632585624088858e-02
3.274360289911359967e-02
3.412545565453706242e-02
3.458126994868104820e-02
3.504399950432179889e-02
3.568471974540932123e-02
3.649138800467510713e-02
3.612403425231280885e-02
3.582751618591639708e-02
3.321191720267901992e-02
3.014287601255327687e-02
3.080392574178048015e-02
2.960708995100869156e-02
2.791722274709906859e-02
2.698793223553275222e-02
2.661367264032199476e-02
2.608011995558567886e-02
2.624563234552568236e-02
2.466757760739524130e-02
2.427351519172682437e-02
2.397475991799624673e-02
2.406252297115463179e-02
2.414001674163068767e-02
2.426104338214585265e-02
2.413318476299586290e-02
2.420733544671749282e-02
2.448676977682562317e-02
2.474763763714804554e-02
8.161888349354995409e-02
1.056951039400175762e-01
1.549741034073583990e-01
1.678638035191383215e-01
1.978709407209811033e-01
2.055954512780114873e-01
2.053974044767004070e-01
2.098408309498399626e-01
2.227747485994443499e-01
1.917193768632793338e-01
1.865807174324548567e-01
1.676074364113102622e-01
1.828405078832286978e-01
1.787648969210731131e-01
1.399979150708687836e-01
1.228308445305177354e-01
8.991779600625604552e-02
5.639417761623932712e-02
4.289604369207933310e-02
2.165618326280993600e-02
5.425396941481253066e-03
6.260804561801780466e-04
4.918543068095582171e-03
1.152691644938652615e-02
2.029710270218165746e-02
2.569604420817928059e-02
3.095004511108712109e-02
3.252081703259768197e-02
3.362815457143253361e-02
3.501247513135696821e-02
3.449623362371156965e-02
3.519410443550241574e-02
3.355978702843542827e-02
3.382449970460421618e-02
3.196811427703472042e-02
3.106796123642263652e-02
2.854496495865155303e-02
2.657329269561770069e-02
2.631197336789181662e-02
2.430146419959999804e-02
2.305914150096222137e-02
2.031198358389563197e-02
1.834369704182914340e-02
1.761420883509434709e-02
1.593570884246764408e-02
1.422644549575746709e-02
1.353991767820095227e-02
1.287164709909771609e-02
1.151874865352420230e-02
1.078288618749789762e-02
1.024543077948703029e-02
8.592916573068931640e-03
7.309197973119685443e-03
6.078491843715561060e-03
6.219880432362101530e-03
7.086669590487648662e-03
5.242304042456957802e-03
5.038604638926136303e-03
4.966150016473269702e-03
5.181255069477197495e-03
5.195395854886708520e-03
5.012813021392892310e-03
4.777935254277609900e-03
3.762727686729583354e-03
3.627443769659732808e-03
2.943421077129304564e-03
2.605674368340249458e-03
2.465324819206360374e-03
2.692653486458862488e-03
1.883158443973798057e-03
1.561078778142377388e-03
1.485148132758462580e-03
1.858116871345627530e-03
1.128010837167181535e-03
9.599140496034941350e-04
