5.857720085709690050e-01
5.854594184582926353e-01
5.831192712356672025e-01
5.825288400948587242e-01
5.786462455772054536e-01
5.708221729627900309e-01
5.606080649793934167e-01
5.561484581802751404e-01
5.164065579704277820e-01
4.872534418647889165e-01
4.391055210656611418e-01
3.961418889909151808e-01
2.965252597671572676e-01
2.426719398910783809e-01
1.449925748317715257e-01
8.482472386419970256e-02
4.685484140455886681e-02
1.020226073492169760e-03
1.167298024066414364e-01
1.349967015599511377e-01
1.644159693633855390e-01
1.691922358759161416e-01
1.761880779614251047e-01
1.605019053034693055e-01
1.469593313490755726e-01
1.212868995853926268e-01
1.023242807781206132e-01
6.838828573038790992e-02
4.910184755059443518e-02
4.436063147422819597e-02
3.078834234032878925e-02
1.405593468264587642e-02
2.169604283877912820e-03
1.740865791199186496e-02
3.068633174070733993e-02
4.644914506583286418e-02
4.644914506583286418e-02
5.482468963700282139e-02
5.906950147650502636e-02
4.504320842545261883e-02
3.809893606437442237e-02
3.494493690216504689e-02
1.921926312602773024e-02
3.557902569917725799e-03
2.331126204075739672e-02
2.578620872251402574e-02
4.296932342152093298e-02
4.920266256760164048e-02
6.579422351089703191e-02
6.785455712734589362e-02
7.042876224068894686e-02
6.973602272096246502e-02
6.880650867288196082e-02
6.433740682974176117e-02
5.521866233681982372e-02
4.399516707335426879e-02
4.206417770900028330e-02
4.138873896249584128e-02
2.952029270652611892e-02
2.437424692714684760e-02
1.712354504736479655e-02
1.211812996797601016e-02
7.904619181877015066e-03
1.466055171351232644e-03
6.018359948172014029e-03
4.384400634210861014e-03
4.640279471024078006e-03
6.532378209747724540e-03
7.898041550346901474e-03
1.051565878814986199e-02
1.161631629712656100e-02
1.348074313893876663e-02
1.772325071772695715e-02
9.244489040472370078e-03
3.206031932442088284e-02
6.002073407325236865e-02
8.495759762495769252e-02
1.279073851245351445e-01
1.507855061188843049e-01
1.685952976577385076e-01
1.793747105892427030e-01
1.873153732465604460e-01
1.672643408593565972e-01
1.985816518634848649e-01
1.505691683237755374e-01
1.162247349399756491e-01
8.882444003585354686e-02
7.261730583044845311e-02
1.035243020896503552e-02
4.174461704422505193e-02
5.155291839636566564e-02
7.775925204919675870e-02
8.369493266310112922e-02
1.313962002528390460e-01
1.489937974148072275e-01
1.552810990733501928e-01
1.554282744629669200e-01
1.526956093085318766e-01
1.512769176967657669e-01
1.379659506669802527e-01
1.162555591279997858e-01
1.001750421334601793e-01
6.836738963426158833e-02
4.717519070633358069e-02
2.928948580786250311e-02
1.039306630667158338e-02
6.416172074491077737e-03
1.364679666165646843e-02
2.205450341112902279e-02
2.089278771325542294e-02
1.967219604102932173e-02
1.491336714518798345e-02
6.835503168792556039e-03
3.979784480503401056e-03
4.990056556815725131e-03
1.378436231310065097e-02
2.083409932992430491e-02
3.205237352565704079e-02
4.649906318767071944e-02
4.974352496685163771e-02
5.542300048693715731e-02
5.395283781809090407e-02
5.424600464037387937e-02
4.997351573920671974e-02
4.354376080108868230e-02
3.995670428901143545e-02
3.561975509434178733e-02
2.817178762114358470e-02
2.434225395559108662e-02
1.817462788137635954e-02
1.696504215614957900e-02
1.385481616303674279e-02
1.242416934024936914e-02
1.298823585806152536e-02
9.400335175226981477e-03
1.310954232201733127e-02
1.643165183696315701e-02
1.531070008519286318e-02
1.833885367548782064e-02
2.043582950685873811e-02
2.403097215942340270e-02
2.736898986522184885e-02
2.910527607130375394e-02
3.134584398379391956e-02
3.248388585988970512e-02
3.172892797454629488e-02
3.278835890520048757e-02
3.302699524203522863e-02
3.310954244321506756e-02
3.270665363085711874e-02
3.317040069923415935e-02
3.118914998958954854e-02
3.020762455856917938e-02
8.079258296491209634e-02
1.065289947497229939e-01
1.545154607745748976e-01
2.061809574877135898e-01
2.443987313672817407e-01
2.610951272606434337e-01
2.757227338835102071e-01
2.779847314271379766e-01
2.524670200977565671e-01
2.037991698388126327e-01
1.361776470343927237e-01
1.040749395513658193e-01
7.297107151676840431e-02
3.583800214134980067e-02
9.575788420577824311e-03
1.565304958042634809e-03
2.055167695253667937e-02
3.149144700244055350e-02
6.266553782677530826e-02
7.386173248616501041e-02
8.017019258464874731e-02
9.329755722320420830e-02
1.055819753257964955e-01
1.092817163382693302e-01
1.126827743726035447e-01
1.138704086551398653e-01
1.083512369567509737e-01
9.421670109673763172e-02
8.893413533642835489e-02
6.991304882392013198e-02
5.466777865259975222e-02
4.171731994943983501e-02
2.295938235164207697e-02
1.413540566491078287e-02
3.119240383126609117e-03
4.591001212823631050e-04
5.775684987886720023e-03
1.141421495190342306e-02
1.425379667625326086e-02
1.693863824591224088e-02
1.954910258864828165e-02
2.082628800090269294e-02
2.130736738582328371e-02
2.146187876314797904e-02
2.066084168055581927e-02
1.985091273808747836e-02
1.710767816109348693e-02
1.545465717533445194e-02
1.375468998980156066e-02
1.169465117218515537e-02
9.918702692896852469e-03
8.960268360402423582e-03
7.468392448112037840e-03
7.238977031977400500e-03
6.018355654873186467e-03
4.875551724694338063e-03
3.623426407386221015e-03
2.554720373088015251e-03
2.572434880707241689e-03
1.891555778097853135e-03
1.285173557488583640e-03
2.034023748852309410e-03
1.093289971443756059e-03
4.889714902112096695e-04
1.443283544912521421e-03
1.413952669780060845e-03
1.802463312550184327e-03
1.921798912611238919e-03
2.239668285369811329e-03
2.637879507166651649e-03
2.864335873005163791e-03
3.482631073505437769e-03
3.562991351035549314e-03
3.620937879795116388e-03
