4.059612157595462456e-01
3.727280350704711420e-01
3.683464527280086998e-01
3.683464527280086998e-01
3.236800673455602073e-01
3.421056249461449372e-01
3.086501996461363806e-01
2.641767287793213015e-01
2.617317948699431351e-01
1.904318553509751766e-01
1.767952126607614804e-01
1.372319267361306050e-01
8.049964417366894942e-02
6.188547603805760744e-02
2.034452941517828073e-03
1.210076688128713940e-02
7.191607065531957499e-02
6.445562967195117565e-02
8.891934082207264556e-02
9.871104834139876605e-02
8.633070849359447685e-02
9.025291493407883170e-02
3.404184787211694818e-02
2.607031828517025751e-02
1.737019192251199051e-02
2.681424165101709001e-02
1.530477244622185928e-02
7.366815371268042867e-05
1.734150276467016916e-02
2.379058630121577700e-02
1.681555189128025596e-02
1.253331234045029774e-03
6.201634714924075809e-04
2.268837106471477405e-02
6.873289729885656563e-03
3.047469383912537744e-02
2.174848211543467524e-02
1.181194830081144787e-02
2.355640653236934501e-02
1.067797249087765188e-02
2.856597605667099415e-02
6.983675799283939334e-03
1.174100026864577373e-02
2.893825007192307730e-02
2.393866765059704527e-03
4.812673330010608375e-02
2.761809835049700013e-03
1.798164119912570857e-02
3.952795338468040320e-03
3.665729766690051239e-02
1.693945785635087020e-02
1.558301521803084899e-02
1.558301521803084899e-02
1.687639074969504716e-02
1.623555918938746068e-02
2.206530294094122269e-02
3.898568907797939076e-03
2.114557321665611056e-02
5.216979147534273054e-03
8.451760154113863166e-03
2.420290804127200879e-02
2.462026504581493747e-03
1.502982111306438995e-02
1.890031855354945556e-02
1.542799983875053904e-02
2.221821831031423056e-02
7.169463993525915235e-03
2.551257727021405408e-02
6.974244226882975184e-03
3.080559972354679488e-03
1.425511977384208429e-02
1.521617352651694066e-02
1.746694121385550247e-02
1.993478287013794592e-03
2.085066312472894090e-02
4.085066312472895866e-02
3.792736184701628321e-02
7.992061837559238935e-02
7.361904954504194798e-02
8.081083499015362381e-02
1.138346544037202035e-01
1.113761560885326851e-01
1.821085597968280512e-01
1.300950925837214278e-01
7.796235218479319329e-02
5.311106035995805108e-02
4.005622595030577937e-02
1.011645745111466876e-02
6.546955944193633137e-03
5.633200334689147937e-02
5.100529223287109115e-02
3.791346965885467046e-02
7.226348345471478307e-02
7.403431162195273085e-02
5.851565472591047090e-02
8.594430436301714327e-02
5.745442020895907831e-02
5.856315031427694606e-02
5.856315031427694606e-02
2.901220190673703403e-02
1.849403126707838130e-02
5.507823016722279696e-02
1.675179150595740296e-02
2.341297576157097549e-02
2.276349588648862721e-02
1.834412335721524734e-02
1.894887976097414661e-02
6.513772238773141154e-04
3.690642111680131343e-03
3.242315263775819023e-02
2.384531656377530950e-03
2.181318263337339580e-03
1.745578500010003253e-03
2.718960651713175913e-03
3.070857405873583801e-02
5.351736827827302534e-03
9.242065006594524235e-03
5.011388882775158482e-02
2.826207441240302654e-02
3.083890853507986751e-02
2.469687221306782199e-02
2.390332100193603981e-02
5.469788756383342498e-02
4.462448379396466436e-03
1.213496908836309007e-02
1.239378641070509879e-02
3.123405999049111426e-02
1.192539601715691955e-02
2.650066203716039404e-02
6.568092551043847038e-03
5.552274092510800507e-03
4.738655281688819443e-03
9.956426923651062744e-03
2.622481204145066247e-02
2.162588529314712904e-02
2.339431935097335824e-03
1.308493003230903895e-02
1.308493003230903895e-02
1.128366434282424002e-02
5.468749968328023847e-03
1.004183906324351838e-02
1.800337921220029891e-03
1.639175652249524884e-02
2.767913249568376699e-05
3.394526564430844218e-04
3.394526564430844218e-04
2.862762737230073462e-03
3.191726706713859940e-03
1.438814029017243534e-03
1.561021651660443599e-02
1.070629831701630508e-02
2.995749650742429715e-02
2.188512225285599300e-03
3.962522623083053475e-02
6.150469973533045920e-02
8.426867722094721902e-02
9.802859793017437706e-02
1.070107382928707773e-01
1.158356413666614682e-01
9.918852864116034507e-02
9.422263323951052261e-02
5.387263914480056037e-02
7.559938187330361714e-04
9.935976545777824853e-03
1.959257133726999278e-02
4.170703865463631921e-02
2.865684974490489978e-02
3.993133264298398544e-04
1.269739024464833221e-02
8.534564177486436698e-03
2.856580341397507716e-02
9.248849056361918564e-03
9.426426040737290180e-03
5.680576903730472083e-03
5.095022435092744217e-03
5.656135029700859462e-03
1.265001326698156348e-02
3.397176653942302060e-02
3.738298143449281241e-03
1.897770729723702310e-02
3.838150500344839067e-02
2.564839253524975327e-02
6.662782525571619985e-03
3.415971580880583502e-03
2.928355449390807053e-02
1.895787728528830485e-03
1.589322937413095715e-02
7.835597164656649127e-03
1.273344824527589125e-02
3.157598065475886173e-03
6.915771060043818252e-03
1.840464525362683901e-03
8.725626562859911672e-03
8.493767246462113896e-03
7.386117859681240461e-04
7.933834629479830092e-03
1.718840340119032195e-02
3.466714410517490741e-03
4.358412182989757078e-02
1.320069348147323574e-02
4.795125014981582723e-03
1.332916916548021469e-03
2.561814796293249152e-03
8.360604115511871548e-03
8.272192595576211005e-03
7.944511290318367891e-03
1.558758931177406382e-03
6.216649071892677014e-03
9.732017982615470686e-04
4.351192428231454024e-03
4.045728223658784373e-03
3.088255938482831198e-03
2.551620728409864647e-03
8.464619664818484601e-03
2.163975579903998359e-03
8.899844912954812948e-03
2.500921925367882714e-03
1.347195215298579996e-03
8.521264719304477708e-04
5.985615828017265549e-03
2.170535315180077696e-03
6.789501064409453335e-03
4.918267379591112487e-04
7.931466070343340391e-05
8.087115910048625622e-03
2.917888815154201509e-03
1.350688675261779714e-03
