5.727266923648368646e-01
5.210283894750877831e-01
5.021601796141368368e-01
5.021601796141368368e-01
4.298943526988832087e-01
4.316004509433013503e-01
3.704200631966863000e-01
3.047295851500158026e-01
2.765169100945357172e-01
1.771870056954163442e-01
1.296622223973609156e-01
8.602319222872867321e-02
2.026021830945401447e-02
5.332659847860909963e-04
8.010930978095887056e-02
6.240369397090272940e-03
1.536850375874705410e-01
5.276953679646645412e-03
5.035995300846041189e-02
2.934354092142243964e-02
1.300313656476559387e-02
3.646160884522653411e-02
9.726617223020128655e-02
1.010824208787008960e-01
1.073296225966984263e-01
1.038868685266065572e-01
1.534514022833808333e-01
1.234709820561570304e-01
6.546001071187146358e-02
1.392051473431157316e-01
1.062288768481531864e-01
7.615551216235938448e-02
9.265392650153203569e-02
5.639336073245715397e-02
7.747558018425637627e-02
9.820917667463935352e-02
7.120346729529991592e-02
9.399710252065118787e-02
4.141431841723663965e-02
6.415086784299472988e-02
8.768086168719468887e-02
3.586924716993511453e-02
3.134717624339145026e-02
8.610452034372828578e-03
5.901977963003912642e-02
8.222597596384995100e-03
7.052864524586976991e-02
1.738758656850665218e-01
1.059410035756804813e-01
8.641364731878309335e-02
5.998064284065751650e-02
8.314096981181129387e-02
8.314096981181129387e-02
7.891967550320755365e-02
5.352173147575900458e-02
1.026368873867404830e-01
7.736847524710444013e-02
1.020989975657520255e-01
7.492085164674655573e-02
5.291038621970933775e-02
3.118682205801182050e-02
5.803775956944678960e-02
1.087905370967445773e-01
1.093297258365495406e-01
1.084095991347238108e-01
5.366733003573975758e-02
4.949470218941387500e-02
7.229786485504474669e-02
7.230738260423619224e-02
7.070337884925148586e-02
7.088067855958524177e-02
4.625337532418560826e-02
4.403788156543453347e-02
9.639488355110881201e-02
7.181192295291349836e-02
1.498272485342173610e-01
1.437248989986643632e-01
1.872413240122663414e-01
2.207419515308415292e-01
2.018508731165382653e-01
1.932776769290518448e-01
2.001625495985401848e-01
2.800019772704076537e-01
1.814455323395873787e-01
1.015712055219777366e-01
8.956739492896526045e-02
4.876800748324705559e-02
1.043837625308485784e-02
2.315516994563204811e-02
5.831786768246338681e-02
9.530404762703170718e-03
3.968135063499289572e-02
6.656011146602969220e-03
3.806300885602031947e-02
7.890020446277912214e-02
5.444722498416898482e-02
4.318941006808318939e-02
5.921250211118489482e-02
5.921250211118489482e-02
1.381894801058631828e-01
9.327495154195641902e-02
6.563670287049450103e-02
1.349172176631665554e-01
7.472765324358809913e-02
6.807410157122961714e-02
8.511679904318625312e-02
7.730389961017603007e-02
6.812812453993344342e-02
3.380770010051725727e-02
5.864824437163118631e-02
5.805496348015526387e-02
3.300586072755651301e-02
5.848205183276866670e-02
5.893110573746929148e-02
1.084159028921454215e-01
6.380479524652349355e-02
6.515798038535636216e-02
6.472622194669352957e-02
4.286937196271778383e-02
9.428330462079492769e-02
6.420050327528770140e-02
9.011266398889206108e-02
6.546065595535854875e-02
6.542882842875696880e-02
8.718447162026921049e-02
8.336655135097403857e-02
3.122400533886349194e-02
5.334236751647725150e-02
1.017006594817242426e-01
5.155060791966437073e-02
7.577418820846526515e-02
9.055759510792116274e-02
8.694757071143555116e-02
8.677486431517955623e-02
1.423736675163422838e-02
2.488302337081549354e-02
2.723989319489072969e-02
1.351984337816791726e-01
7.306338010500113000e-02
4.934125420824453379e-02
4.770370578519300686e-02
6.482813100289952501e-02
4.284532530873819134e-02
6.616201676818644906e-02
6.769246576133625126e-02
1.054174071643139143e-01
6.256432912109000100e-02
7.913652949275462589e-02
4.041208810752561220e-02
5.993696949356874804e-02
7.741011257306396054e-02
3.647117800974619684e-02
3.728535080555905878e-02
1.909413709918039714e-03
5.802954648823854811e-03
6.628345908448385337e-02
4.750129177776152289e-02
4.977913544727918804e-02
3.575082555511932547e-02
3.695286974216283049e-02
5.944962224294192410e-03
4.764381842701226333e-04
8.893552193733511579e-02
1.345974131900364856e-01
1.048838952412673997e-01
1.255459941745959984e-01
7.143405896833820989e-02
3.464860755484311383e-02
3.547892054933288186e-02
3.610081848382584724e-02
7.056832177318117516e-03
3.024234669830594413e-03
1.751913369647417618e-02
1.477768596746242835e-02
8.528766581759050780e-04
1.777244791655929745e-02
4.666190440984596677e-03
8.714095710788738458e-03
4.133116379608114954e-03
1.438526304906040387e-02
1.637284241980974109e-02
4.497959141490781576e-02
1.223808109064195015e-02
2.672736002553133261e-03
3.855074857867824001e-02
7.426828080076441907e-03
2.812895274721860517e-02
3.549247414589729033e-02
3.606672732765536793e-02
1.539691808408338858e-02
3.510312064812870503e-02
3.456822679075122196e-02
3.487662984024986201e-02
6.333194222944982243e-03
3.051761653218743042e-02
3.258935758326697574e-02
1.180719976692246043e-02
3.024250610941181527e-02
2.874614243089257393e-02
1.830980395650749770e-02
2.785173708830557260e-02
2.622440526213654088e-02
1.442855374292117965e-02
2.107795986968685753e-02
2.858236500657751478e-02
3.087815248273861890e-02
2.221054597958782573e-02
3.296552891960358167e-02
2.363886937870396387e-02
2.262387227501250209e-02
2.112957868563825059e-02
1.098094465502374995e-02
9.294101608134264225e-03
9.613417630864873331e-03
9.712254875067660720e-03
1.022224846284291999e-02
2.902296802256110198e-02
7.931159078544691710e-04
8.407570723165669335e-03
9.004326471729218184e-03
1.609014007878384334e-02
2.815041591022415801e-03
1.215247547427789065e-02
1.902971074356907266e-02
1.872548416112929104e-02
1.789314883585246818e-02
3.003441126842165687e-02
