4.132322525668963298e-01
4.110456902054111517e-01
4.051637393075662175e-01
4.016691288122453685e-01
3.897568430903033398e-01
3.910334143651552630e-01
3.696863891082304843e-01
3.584544554513706682e-01
3.091837571775095661e-01
2.809821477400495926e-01
2.220406544788915415e-01
2.248495061034432307e-01
1.681538732779841450e-01
1.081506613685490059e-01
9.012674523885233491e-02
7.686118285897203251e-02
9.168263575024870882e-03
1.165376334742158626e-01
1.482689695593286672e-02
3.560759898638965470e-02
1.685612935563940429e-02
1.699732695014777306e-03
2.658043691364131433e-03
1.773260067051896094e-02
1.293093387520383164e-02
1.423054393689127117e-02
2.203800060057181653e-02
5.715260131225807783e-03
4.796870510450634839e-04
5.290820840755428023e-02
4.678170019038896399e-02
2.423744916674785976e-02
5.247141018213241637e-02
6.051628799303720996e-02
6.754507296330469757e-02
7.505793787463410638e-02
1.102516288350980922e-01
1.131302667294848963e-01
7.778991372663024428e-02
5.924146648192052389e-02
7.167485107662696642e-02
2.877245900868752315e-02
9.313218922579991066e-02
8.083842352727410585e-03
3.248104657371930770e-02
1.386947148468031799e-02
4.584895352663087564e-02
1.186687337570893064e-01
2.638213301461656002e-02
6.342389413289417632e-02
2.207441165783929904e-02
5.797925566301498357e-02
1.899679817768262780e-02
3.376847761017875982e-02
1.406994010737960821e-02
3.698585511395191538e-02
2.070064417955963521e-02
3.909822248129946054e-02
1.479007151635935990e-02
1.924816389864680843e-02
1.057249612716748555e-02
3.012263428733330528e-02
5.303215552614215511e-02
3.827303605733933800e-02
7.459671886799568163e-02
5.737420803881021492e-02
3.515051674598890230e-02
3.263270211623825467e-02
4.821823922368162485e-02
2.516192612071344037e-02
4.251928540248672839e-02
5.006402889220495922e-03
2.023575714108472035e-02
5.738984525172408091e-02
5.770747162162193078e-02
9.380875025383494936e-02
1.124318990934838336e-01
1.326168217277297057e-01
1.611159649653384207e-01
1.524217992248223519e-01
9.820893338359848457e-02
1.614059334830310055e-01
1.346396743371812699e-01
1.808623869245549187e-01
9.610084932585549744e-02
8.672443282264652442e-02
2.759133733506580199e-02
8.136490730043177688e-02
6.368910400325167309e-03
1.322310259411663136e-02
4.371336857981455992e-02
2.172046670613392294e-02
2.241714573799957755e-03
2.297298454064722328e-02
1.547159961322275290e-02
3.979827153948500840e-02
2.323223806818175419e-02
2.173282089460470967e-02
2.124522103076542656e-02
1.697396646694471212e-02
2.668110528607048337e-03
1.987510209957843443e-02
6.238723493368847350e-02
3.189931704488702113e-02
1.874267832581177906e-02
4.087111390282482937e-02
2.704323543701470101e-02
4.797723859590519169e-02
3.373829284061824474e-02
5.101861904365267986e-02
6.939110418026872562e-02
2.811380649483441463e-02
4.109164298684475636e-02
7.801552217845786341e-02
5.283594373634525887e-02
2.836346230601050067e-02
2.524369353881950051e-02
2.077739376679976768e-02
8.449007626432858409e-03
2.883220360471960841e-02
4.078423350147242221e-02
1.231371534797021106e-02
5.263987759128052613e-02
3.425891292997074178e-02
1.823641063159375797e-02
3.856952594628026976e-02
3.951829082770463852e-02
2.107677133240926093e-02
4.047515377927046742e-02
2.403006932327134137e-02
4.244211252181029348e-02
5.447640624244043384e-02
3.650724473143529547e-02
7.327783600706971878e-02
3.669203032938606057e-03
2.886741600993669721e-02
1.865586280754050197e-02
6.509929823221949352e-02
3.270743796978747842e-02
1.575367029024099530e-02
1.468077679575297001e-02
4.299255822724667997e-02
1.285131817116602626e-02
4.409096340068674458e-02
4.246230650842863774e-02
3.922293328229398135e-02
5.364544589239739203e-03
1.564891471257967570e-02
1.366972561067580916e-02
1.744734891063992599e-02
1.844807395800518446e-02
2.223877628237735937e-02
1.096106037467836636e-02
4.358822854171373606e-02
2.002614311232009392e-02
1.109329623363712880e-01
8.680309525122409386e-02
1.061519660571315082e-01
1.158903851199821755e-01
1.125641214776850196e-01
1.164421698471191924e-01
1.230152063391899420e-01
6.327520994751956174e-02
3.444280885615236265e-02
3.244793702286874471e-02
1.885976676245570971e-03
7.368570970186505420e-03
1.879073309515510992e-02
3.876372734480337812e-02
4.813139045016634476e-02
3.886245178051539462e-02
5.499530152201792532e-02
5.724188146285258405e-02
5.787787500070606939e-02
6.351383211255967609e-02
5.318394307649954023e-02
7.861719973067704537e-02
5.905427512928129730e-02
6.761068515261769996e-02
4.328191276412329813e-02
3.409100470405945771e-02
5.012647382785040406e-02
4.015996912654307138e-02
1.028698648948611627e-02
2.686644802781645858e-02
9.255529453962019204e-04
1.089833643309168210e-02
1.953117225084688435e-02
3.330208611033680377e-02
7.778037200069753965e-03
1.935408025128881881e-02
1.823549252780121144e-02
2.369220078001643692e-02
1.257137622852733116e-03
1.025561783851713926e-02
1.830727946770083214e-02
1.194790908001253094e-02
5.348891648341291827e-03
3.444005791235826841e-02
7.665313715816912676e-03
7.563953182991411950e-03
1.309724570956549705e-02
5.844063949399735947e-03
6.842629667574984254e-03
7.339041357447007030e-03
1.722924893650357170e-02
1.197821134189491765e-02
1.968751189379225330e-02
1.334059782937324634e-02
1.231351969930960522e-02
6.586258337277994812e-03
1.087826441971584401e-02
3.882938837665772525e-03
3.701056642161137944e-03
1.680127552677501690e-02
9.138794706143871238e-03
8.200713801924441881e-03
4.018578716367127157e-04
2.891044181732027596e-04
9.785559236570318120e-03
1.012714004194048556e-02
6.466706249395270945e-03
4.791143406787101711e-03
9.608388793051370058e-03
5.526153787746901358e-03
5.230805744217414954e-03
1.765523822653070063e-02
