2.570809628226439214e-01
8.338945054659918643e-02
5.473826039394491527e-02
4.443200411083347845e-02
6.766423417720646150e-02
1.129710828372743059e-02
2.364234732608472278e-02
5.625950709469140776e-02
6.067918374731684494e-02
6.335561729519789687e-02
5.778287160344275364e-02
8.724780195613113243e-02
2.923455420958687156e-02
2.342292551896751895e-02
4.708689849822089712e-03
4.961740676128600924e-02
3.028635122050837847e-02
4.117047209667845653e-02
1.278519017753221299e-02
1.326338706794683020e-02
1.628683336643410584e-02
5.929302528846025488e-02
4.958144536462683050e-02
4.106775548746199878e-02
3.321502937603781902e-02
4.291702606817460186e-02
2.118381898020793574e-02
2.537204842251505887e-02
1.626956321985917331e-02
2.098873237259213376e-02
2.557418679528078442e-03
4.588377267190613118e-02
5.335051042432792379e-02
9.809589145066688332e-04
4.532108760165898254e-02
2.548184960530108789e-02
2.970719622749262712e-02
3.258383397790809433e-02
4.331868363886048900e-02
1.172941434151719697e-02
3.693015039792102439e-02
3.089590015163035108e-02
5.154629838653912444e-02
7.215145632944719445e-02
2.567348575352956797e-02
3.536753584976681797e-02
4.047843467365486170e-02
1.542948907320995655e-02
5.220082844995266314e-02
9.409815810260813151e-02
4.246706969096392115e-02
4.408332873414455566e-02
6.408332873414457342e-02
8.835272569932783870e-02
5.556745490616987748e-02
2.974696595656112219e-02
8.257742360944775317e-02
9.126547917353788897e-03
5.085751386507664229e-02
2.304787643188355162e-02
8.496484124133285576e-03
2.047744154022901331e-02
1.848254826963902087e-02
2.962213538499797183e-02
3.386686463586197071e-03
4.784933356921011738e-02
4.649149306348998589e-02
3.068474544487664879e-03
5.473100030308764019e-03
4.412787434747145188e-02
3.801820139286005151e-02
1.421873666220097032e-02
3.799399408392528654e-02
2.499112322506169548e-02
1.126998466865070103e-02
1.333791093654745907e-02
2.688808045351709364e-02
1.957381329199481268e-02
1.357338020943982260e-02
2.344447356087175915e-02
2.516569256076817140e-02
2.429986630880320853e-02
1.029901328011206818e-02
2.710077985774084208e-02
1.824763057551520573e-02
1.382712643284111920e-02
1.742809046224791381e-02
2.935674508595298438e-02
9.167614247363675695e-03
3.438539719768146652e-02
2.824550579424234265e-02
1.786232827251088562e-02
3.058797790338030342e-02
3.222343008308103940e-02
1.190869032455560417e-02
3.658713390210233118e-03
3.132874330714352507e-03
2.759955632061328323e-02
1.935907903937628127e-02
4.261064385704771418e-02
2.777892434082718243e-02
1.992049369711546003e-02
3.383072316929580658e-03
2.492384349002352284e-02
2.314970168846841592e-02
1.351968407028558694e-03
1.268504628076772001e-02
1.168899191773353774e-02
1.521812147553580630e-02
1.062195920725184095e-02
1.965722035507938559e-02
2.041986577352750132e-02
6.947349793115287220e-03
2.148786275252123623e-02
8.179384779611886813e-03
1.834291415685446180e-02
1.194737740064522047e-02
1.578921476152406189e-02
1.624348379081586025e-02
1.558871744525824887e-02
3.441766378110522329e-02
5.700668679715814591e-02
4.178223661376223586e-02
3.501502909261455798e-02
6.879845328179623465e-02
6.260315413333084056e-02
3.805592534880131161e-02
1.968840214838007974e-03
4.828172996146651297e-02
7.595738928795392475e-03
4.187548638113292032e-02
3.237829091077548682e-02
5.923861822843945468e-02
5.526192704489718555e-02
4.257475654122488962e-04
1.835253191430785691e-02
1.117967288117738267e-02
5.108587688283372508e-03
2.442365405256219368e-03
1.173533136396831544e-02
5.785790822878222883e-03
5.293189346728732758e-03
1.910787029387606140e-02
1.414065352356708161e-02
9.388032535391777067e-03
4.959621762988253302e-03
1.348426925355106221e-02
1.330561242526973054e-02
1.085131594669164201e-04
1.390595702199015626e-02
2.237570105982911173e-04
1.333758460039669025e-02
2.933210495762006431e-03
1.603452441346253643e-02
1.423259967071532905e-02
9.309430406836405325e-04
2.614586229981785692e-03
1.434762407783241045e-02
1.417303204153230745e-02
1.413904215928596386e-02
1.321120534013897618e-03
1.212322494443496268e-02
1.361383241758007401e-02
1.642624831415195885e-03
1.173170276351220842e-03
1.100613327072341718e-02
9.845715565267143532e-03
9.369480840302202296e-04
9.950512116699838927e-04
1.255403978592584124e-02
1.195455662383015927e-02
7.142577047058451534e-03
1.005785858921215414e-02
7.852900318926270273e-03
1.169055615548475480e-02
4.497826990209841114e-03
4.345634777886298039e-03
1.033416220213467795e-03
1.348369644583291560e-03
2.083905807136687827e-03
2.907512860079952688e-03
1.719917257277270295e-03
7.936993895587107772e-03
3.238264890383701911e-03
6.330876642218763450e-04
7.887752521268609485e-03
3.374155821957103285e-03
4.076000019249015338e-03
2.058441108496511518e-03
8.481494185015980847e-03
2.353258858451834357e-03
1.234523180834168343e-03
1.034994666728961121e-03
6.639882389149254216e-03
6.805254319305564792e-03
