4.132343608736563922e-01
4.101468001503671967e-01
3.990211181925877870e-01
3.990211181925877870e-01
3.930911248605710728e-01
3.629439361387236662e-01
3.489079316028400601e-01
3.514027760602056460e-01
3.041248403396241695e-01
3.001995816196234568e-01
2.474712209595939516e-01
2.159588235158107494e-01
1.540414221737225198e-01
1.338570649598413986e-01
5.019293936786439758e-02
3.943070650917834818e-02
3.943070650917834818e-02
6.561929557284318371e-02
6.419343309233549455e-03
1.666920980022434939e-02
1.356416641771618359e-02
3.517783871081614500e-02
1.728458683803135720e-02
1.982723865814772779e-02
2.310817770306328178e-02
4.586193092073820310e-02
4.876214825394686869e-02
5.245748661486970832e-02
3.676993556647278893e-02
5.903339943680374624e-02
7.851308487870078956e-02
4.397312300762479254e-02
6.729998536617309846e-02
7.135121511189712606e-02
7.549808454985162953e-02
5.782210756388694861e-02
9.560441012691733853e-02
7.663931340802965231e-02
7.608612469949860291e-02
4.371421547885856462e-02
3.670455088120783138e-02
3.670455088120783138e-02
2.396271651848413953e-02
2.338470367806211314e-02
1.682352665132125225e-02
1.682352665132125225e-02
1.730122520383070572e-02
1.143954769672421712e-01
4.169979791083022747e-02
6.369952502083275903e-02
2.309206780070938159e-02
4.182345548122712309e-02
4.182345548122712309e-02
4.527851995843135136e-02
3.143820291375321041e-02
3.510441483271153906e-02
3.510441483271153906e-02
3.682908458121647577e-02
3.646256902280420320e-02
1.952101507703063454e-02
3.789221966760503157e-02
3.812666965584043943e-02
5.808165619649874323e-02
9.590812218845323756e-02
5.662634936383525996e-02
5.554878716079891809e-02
3.398220672558727173e-02
1.445716306500122172e-02
3.307188211347611428e-02
3.439218391657661300e-02
5.313129692847629038e-02
3.452179153031398329e-02
3.424545681407953346e-02
7.289693116326945166e-02
5.284726047474297417e-02
1.105788416459823065e-01
1.297283317391964008e-01
1.516166637685267826e-01
2.035298440234321049e-01
1.958118953352250280e-01
1.646128279786099879e-01
1.741176997653806069e-01
1.489896636963293775e-01
1.388864783087978561e-01
1.121847730172302882e-01
1.039430056239828426e-01
7.537620579895321082e-02
7.285634265909546325e-02
2.764388419990992940e-02
1.067101270930770340e-02
1.249571922145586989e-03
1.647284391701486772e-02
1.647284391701486772e-02
1.706332096830442957e-02
2.424865840105738801e-02
2.820780970573655289e-02
1.052908090797033402e-02
7.410884435665510139e-03
7.410884435665510139e-03
4.858407401407793813e-02
1.742483915723791466e-02
3.784612997589886785e-02
4.799611249830115778e-02
5.304807560483337792e-02
5.697266932718925148e-02
4.415446711051973505e-02
4.677202841731387117e-02
6.435399833817134763e-02
4.796697982220154977e-02
2.552272736684046972e-02
6.063721871837557398e-02
3.919932493938271811e-02
5.110197996614773697e-02
4.778899045892770481e-02
4.533733368758108284e-02
4.451887925331210472e-02
4.498437400349908355e-02
2.624346516469377999e-02
3.145745900490304336e-02
7.211015882096794005e-02
3.795868803784252510e-02
5.690972078413625290e-02
7.183874599999973132e-02
1.081339121667745928e-02
4.629321992496371330e-02
4.708373720600400603e-02
3.228275314697837128e-02
3.227566220186739443e-02
3.154954460185599441e-02
3.388561882232166145e-02
5.257809679104241685e-02
6.644082817101926164e-02
4.815134872709603275e-02
3.190242952092281481e-02
3.318905749992073773e-02
1.903051758709717323e-02
6.097246961045410529e-04
8.441098335181540513e-02
3.587043845319970448e-02
3.453080861270929613e-02
3.542905717835420631e-02
3.334287016128245629e-02
7.313093246453794549e-04
3.286599441528526011e-02
3.343085052763983267e-02
6.330060233261958214e-02
3.045763535411094569e-02
4.287546330227631763e-02
1.065962130727837742e-02
4.012850372111931296e-02
2.416140499503749428e-02
3.843047096660812123e-02
8.524798024444057987e-03
1.709521725338125631e-02
7.188252464746303083e-03
7.606354448738816831e-02
7.908916346810490605e-02
9.730794896646577374e-02
9.165984854933872938e-02
1.136402218521160856e-01
1.005543613060336794e-01
1.176640003918428823e-01
6.557100736955867593e-02
1.171659933855950797e-02
1.831863218746188071e-02
5.774300977983592986e-03
8.306711839103586570e-03
2.777048489047628799e-02
4.988465724009194524e-02
6.215065066192959620e-02
5.803787796415416089e-02
6.799077922709018118e-02
7.047388670014864687e-02
8.600917161854404469e-02
7.652888989967920885e-02
7.113240132412324002e-02
7.695795328538568292e-02
6.464674112612245338e-02
9.607990525221565825e-02
5.775253478020325737e-02
4.704462397230013693e-02
7.707557164665557181e-02
5.698649256802013063e-02
3.937465720881649922e-02
2.928172259333283733e-02
1.612724659464404020e-02
1.562022528672768473e-02
2.077992067530054499e-02
1.234950709566051685e-02
1.113351177975041573e-02
2.549784111452413349e-02
1.733618140621451253e-02
2.279562268424162319e-02
1.152724622795475717e-03
8.030474114579577716e-03
1.679227590015086591e-02
1.018636961789964879e-02
1.010571877204635705e-02
5.285527339931950230e-02
1.335477405715090882e-02
3.399356441518897043e-03
9.931801356154457139e-03
3.784234069570846515e-03
1.588181668043509021e-02
2.192641521490257261e-02
2.520419589384315096e-02
1.225502849948445494e-02
2.636170903051593406e-02
1.291017329596844121e-02
1.894425310999214851e-02
1.830331150826092212e-02
1.085998119088738001e-02
9.478722187920674003e-03
1.659493266767664288e-02
1.070776421956498581e-02
1.881850215922553637e-02
2.644385492695477957e-02
4.460275696032134363e-03
9.493911205579852464e-03
1.540513493657136301e-02
1.630868432722043515e-02
1.136204120572270604e-02
1.091276855732603579e-02
1.530079528478389683e-02
5.934467518412311904e-03
1.059245356203031285e-02
2.405594751714468238e-02
