4.919552803039550781e-01
4.263396263122558594e-01
6.802432537078857422e-01
5.198724269866943359e-01
4.070391654968261719e-01
6.061856746673583984e-01
3.613445758819580078e-01
4.802334308624267578e-01
5.030410289764404297e-01
4.915821552276611328e-01
6.555197238922119141e-01
5.792675018310546875e-01
6.799290180206298828e-01
5.397162437438964844e-01
5.878014564514160156e-01
6.876075267791748047e-01
5.066578388214111328e-01
4.922785758972167969e-01
5.582394599914550781e-01
4.403648376464843750e-01
6.935431957244873047e-01
6.171419620513916016e-01
6.886589527130126953e-01
6.854205131530761719e-01
5.673575401306152344e-01
5.842471122741699219e-01
3.209044933319091797e-01
6.569502353668212891e-01
6.914160251617431641e-01
5.603852272033691406e-01
3.525736331939697266e-01
6.762666702270507812e-01
6.854927539825439453e-01
2.931292057037353516e-01
6.501269340515136719e-01
5.481159687042236328e-01
6.767470836639404297e-01
5.414853096008300781e-01
5.721662044525146484e-01
4.652516841888427734e-01
2.497866153717041016e-01
1.648817062377929688e-01
1.471009254455566406e-01
1.445460319519042969e-01
1.239900588989257812e-01
1.613242626190185547e-01
2.187478542327880859e-01
1.454226970672607422e-01
2.177562713623046875e-01
1.483781337738037109e-01
2.067897319793701172e-01
1.286406517028808594e-01
2.148442268371582031e-01
1.315495967864990234e-01
2.176446914672851562e-01
1.409497261047363281e-01
2.204918861389160156e-01
1.272485256195068359e-01
2.180511951446533203e-01
1.260488033294677734e-01
1.335902214050292969e-01
2.181007862091064453e-01
1.262757778167724609e-01
2.152082920074462891e-01
2.149991989135742188e-01
2.147636413574218750e-01
2.138462066650390625e-01
2.125055789947509766e-01
2.194681167602539062e-01
2.158505916595458984e-01
2.161669731140136719e-01
2.174730300903320312e-01
2.141973972320556641e-01
2.175893783569335938e-01
1.360535621643066406e-01
1.259696483612060547e-01
1.349337100982666016e-01
1.349117755889892578e-01
1.292595863342285156e-01
1.314775943756103516e-01
1.352186203002929688e-01
1.322910785675048828e-01
1.382040977478027344e-01
1.430146694183349609e-01
1.429369449615478516e-01
1.324386596679687500e-01
1.320323944091796875e-01
1.396746635437011719e-01
1.404590606689453125e-01
1.170067787170410156e-01
1.177420616149902344e-01
1.364514827728271484e-01
1.354012489318847656e-01
1.335532665252685547e-01
1.328382492065429688e-01
1.366209983825683594e-01
1.244122982025146484e-01
1.307024955749511719e-01
1.372823715209960938e-01
1.270017623901367188e-01
1.333916187286376953e-01
1.299657821655273438e-01
